1/01/2020
3742     5873
82600783742     39.88     27.12     10/1/2020
31500783742     73.75     26.49     2/3/2020
78900783742     19.06     25.82     14/3/2020
78800783742     294.04     25.19     4/1/2019
20500785873     190.93     27.98     2/2/2019
40300785873     58.19     26.64     18/3/2019
82800785873     149.83     26.44     5/1/2020
41900786440     161.99     27.53     7/1/2020
36400783742     102.96     27.96     20/3/2020
53300787444     79.55     25.77     5/3/2020
49100783742     232.15     26.58     2/2/2020
45800785873     20.31     27.73     5/1/2020
56300785873     184.05     25.27     19/3/2020
20300783742     161.49     26.16     16/2/2020
27400783742     91.55     27.42     19/1/2020
21201113742     51.21     159.91     1/3/2020
76201113742     176.11     158.8     27/2/2020
41401115873     283.74     153.26     20/1/2019
66301115873     89.63     163.59     23/2/2020
64401117807     37.49     162.29     26/3/2020
39201118115     165.64     159.07     6/1/2020
22001115873     12.39     159.98     20/2/2020
94301115873     13.6     151.55     16/1/2020
93703455873     17.81     15.44     16/2/2020
94103453742     220.69     14.69     8/1/2019
11703456765     166.98     15.78     25/2/2020
43803453742     30.93     15.1     23/1/2020
80103455873     70.63     17.2     26/2/2020
34404563742     288.81     59.54     15/1/2020
30304563742     66.94     57.62     4/1/2019
31704565873     268.87     61.8     1/2/2020
62804565873     157.34     62.3     13/1/2019
86504567611     178.47     64.14     15/3/2019
68704563742     60.74     55.42     6/2/2020
76104565873     19.25     65.48     26/1/2019
80704565873     251.52     63.39     25/3/2019
24804563742     85.13     66.47     11/1/2019
52304565873     32.46     55.18     23/3/2020
31812343742     148.89     265.98     10/1/2020
69512345873     145.04     259.73     1/1/2019
47812343742     113.55     265.55     13/3/2019
33812345873     98.73     258.56     4/1/2020
98412345873     255.58     260.1     6/3/2020
48012343742     277.83     260.21     24/3/2020
55412345873     180     255.14     21/3/2019
94112343742     34.72     255.27     19/3/2020
29812343742     235.29     257.4     4/1/2020
30312345873     108.96     264.43     2/3/2019
78912343742     297.91     260.71     24/3/2020
58612345873     63.64     258.44     26/3/2020
20035645873     266.38     94.5     15/3/2020
83235647660     71.36     93.54     25/2/2020
80235645873     244.39     93.5     17/3/2020
36073453742     214.98     95.93     15/2/2020
43373453742     289.6     96.46     23/3/2020
85073453742     239.51     90.96     12/1/2020
87473453742     84.3     97.45     27/2/2019
57273453742     278.12     98.75     10/2/2020
53873455873     206.06     93.76     20/3/2020
32673455873     158.2     91.3     24/2/2020
62273453742     20.72     94.57     7/03/2019
